http://inspired-muse-794.appspot.com//channel/list?category_seq=1
1   8
1   62
1   65
1   69
1   75
1   87
1   94
1   291
1   376
1   381
1   441
1   502
1   687
1   729
1   743
1   1249
1   1649
1   1749
1   1794
1   1804
1   1805
1   1813
1   1868
1   1907
1   3514
1   3580
1   3866
1   3909
1   3914
1   3968
1   4301
1   4317
1   4362
1   4887
1   4918
1   4969
1   5005
1   5045
1   5253
1   5383
1   5478
1   5525
1   5565
1   5589
1   5688
1   5695
1   5735
1   5793
1   5799
1   6014
1   6067
1   6101
1   6199
1   6205
1   6317
1   6368
1   6530
1   6532
1   6554
1   6570
1   6579
1   6582
1   6624
1   6628
1   6640
1   6642
1   6643
1   6653
1   6662
1   6710
1   6718
1   6776
1   6858
1   6871
1   6960
1   6994
1   6995
1   7000
1   7021
1   7023
1   7062
1   7064
1   7123
1   7142
1   7193
1   7200
1   7210
1   7282
1   7290
1   7297
1   7320
1   7339
1   7341
1   7351
1   7352
1   7383
1   7418
1   7450
1   7452
1   7453
1   7456
1   7531
1   7547
1   7585
1   7643
1   7657
1   7672
1   7721
1   7756
1   7818
1   7867
1   7934
1   7998
1   8010
1   8015
1   8017
1   8054
1   8075
1   8155
1   8199
1   8233
1   8272
1   8277
1   8305
1   8316
1   8329
1   8336
1   8366
1   8386
1   8413
1   8419
1   8457
1   8465
1   8480
1   8492
1   8714
1   8755
1   8762
http://inspired-muse-794.appspot.com//channel/list?category_seq=2
2   66
2   73
2   74
2   88
2   106
2   249
2   261
2   366
2   369
2   385
2   461
2   463
2   487
2   668
2   724
2   758
2   763
2   1009
2   1771
2   1808
2   1863
2   3521
2   3524
2   3583
2   3643
2   3914
2   3929
2   3968
2   4317
2   4388
2   4600
2   4692
2   4887
2   4903
2   4912
2   4943
2   5045
2   5182
2   5198
2   5245
2   5253
2   5423
2   5621
2   5644
2   5735
2   5752
2   5793
2   5849
2   5870
2   5932
2   5958
2   5977
2   6005
2   6100
2   6163
2   6287
2   6290
2   6292
2   6293
2   6353
2   6387
2   6421
2   6526
2   6551
2   6562
2   6563
2   6579
2   6580
2   6583
2   6609
2   6617
2   6628
2   6641
2   6644
2   6645
2   6653
2   6659
2   6662
2   6673
2   6685
2   6694
2   6842
2   6871
2   6884
2   6894
2   6940
2   6949
2   6966
2   6968
2   7021
2   7023
2   7103
2   7142
2   7171
2   7172
2   7200
2   7245
2   7260
2   7278
2   7399
2   7442
2   7461
2   7514
2   7532
2   7683
2   7705
2   7747
2   7784
2   7821
2   7839
2   7846
2   7899
2   7912
2   7928
2   7931
2   7969
2   8010
2   8013
2   8020
2   8077
2   8081
2   8093
2   8112
2   8142
2   8199
2   8213
2   8219
2   8225
2   8238
2   8256
2   8271
2   8303
2   8336
2   8351
2   8399
2   8414
2   8416
2   8423
2   8434
2   8435
2   8446
2   8476
2   8502
2   8559
2   8563
2   8570
2   8585
2   8615
2   8640
2   8652
2   8664
2   8668
2   8709
2   8720
2   8734
2   8759
2   8766
2   8780
2   8781
http://inspired-muse-794.appspot.com//channel/list?category_seq=3
3   64
3   77
3   81
3   225
3   244
3   387
3   406
3   428
3   486
3   488
3   659
3   668
3   681
3   789
3   970
3   1252
3   1438
3   1649
3   1770
3   1771
3   1806
3   1813
3   1863
3   1868
3   1884
3   2030
3   2534
3   3438
3   3514
3   3580
3   3647
3   3810
3   3824
3   3921
3   4438
3   4595
3   4690
3   4824
3   4909
3   4945
3   5001
3   5017
3   5152
3   5331
3   5373
3   5375
3   5845
3   5911
3   5986
3   6070
3   6094
3   6167
3   6292
3   6293
3   6329
3   6368
3   6387
3   6435
3   6482
3   6495
3   6497
3   6549
3   6553
3   6589
3   6614
3   6624
3   6635
3   6900
3   6920
3   6944
3   6957
3   6960
3   6995
3   7046
3   7047
3   7084
3   7092
3   7100
3   7122
3   7171
3   7187
3   7213
3   7258
3   7301
3   7345
3   7428
3   7442
3   7453
3   7481
3   7647
3   7721
3   7747
3   7750
3   7758
3   7802
3   7818
3   7865
3   7866
3   7921
3   7962
3   8000
3   8039
3   8048
3   8099
3   8151
3   8163
3   8184
3   8195
3   8233
3   8241
3   8247
3   8249
3   8272
3   8302
3   8303
3   8315
3   8334
3   8339
3   8340
3   8347
3   8395
3   8397
3   8412
3   8413
3   8414
3   8419
3   8434
3   8449
3   8452
3   8464
3   8468
3   8472
3   8476
3   8496
3   8503
3   8538
3   8551
3   8554
3   8556
3   8559
3   8562
3   8604
3   8612
3   8640
3   8655
3   8669
3   8678
3   8682
3   8687
3   8705
3   8737
3   8753
3   8757
3   8760
3   8773
3   8774
http://inspired-muse-794.appspot.com//channel/list?category_seq=4
4   107
4   236
4   274
4   306
4   376
4   441
4   634
4   675
4   970
4   1009
4   1094
4   1200
4   1458
4   1808
4   1832
4   1840
4   1842
4   1859
4   1861
4   1906
4   2000
4   3382
4   3406
4   3555
4   3643
4   3708
4   3815
4   3854
4   3959
4   4438
4   4556
4   4574
4   4581
4   4838
4   4912
4   5001
4   5015
4   5029
4   5149
4   5198
4   5236
4   5293
4   5389
4   5398
4   5579
4   5695
4   5837
4   5851
4   5873
4   5922
4   5932
4   6069
4   6101
4   6184
4   6235
4   6256
4   6287
4   6456
4   6497
4   6581
4   6608
4   6620
4   6621
4   6634
4   6637
4   6638
4   6645
4   6674
4   6678
4   6696
4   6706
4   6719
4   6722
4   6748
4   6793
4   6809
4   6827
4   6933
4   6941
4   6976
4   7035
4   7051
4   7069
4   7087
4   7095
4   7107
4   7154
4   7213
4   7283
4   7285
4   7324
4   7345
4   7420
4   7456
4   7457
4   7507
4   7703
4   7730
4   7749
4   7758
4   7776
4   7795
4   7816
4   7821
4   7835
4   7846
4   7859
4   7921
4   7934
4   7969
4   7973
4   8007
4   8018
4   8019
4   8020
4   8025
4   8058
4   8097
4   8151
4   8194
4   8214
4   8299
4   8309
4   8352
4   8368
4   8370
4   8383
4   8397
4   8406
4   8420
4   8435
4   8437
4   8444
4   8465
4   8481
4   8520
4   8561
4   8562
4   8568
4   8585
4   8587
4   8597
4   8609
4   8611
4   8621
4   8710
4   8711
4   8748
4   8764
4   8770
4   8780
4   8784
http://inspired-muse-794.appspot.com//channel/list?category_seq=5
5   63
5   76
5   97
5   99
5   100
5   125
5   224
5   245
5   435
5   1311
5   1466
5   1470
5   1809
5   1819
5   1822
5   1825
5   1942
5   1969
5   2104
5   2194
5   2231
5   2325
5   2326
5   2365
5   2375
5   2524
5   2769
5   2835
5   2890
5   3164
5   3362
5   3435
5   3452
5   3468
5   3583
5   4295
5   4393
5   4409
5   4645
5   4715
5   4723
5   4838
5   4918
5   4971
5   4972
5   4975
5   4978
5   5208
5   5527
5   5547
5   5589
5   5621
5   5688
5   5778
5   5845
5   5958
5   6030
5   6137
5   6404
5   6452
5   6473
5   6502
5   6581
5   6615
5   6635
5   6672
5   6677
5   6682
5   6707
5   6720
5   6721
5   6739
5   6779
5   6816
5   6830
5   6841
5   6878
5   6891
5   6905
5   6913
5   6916
5   6950
5   7046
5   7085
5   7140
5   7157
5   7257
5   7266
5   7278
5   7296
5   7379
5   7387
5   7439
5   7443
5   7481
5   7547
5   7563
5   7570
5   7645
5   7658
5   7755
5   7756
5   7802
5   7868
5   7882
5   7903
5   7913
5   7940
5   7947
5   8017
5   8024
5   8034
5   8061
5   8081
5   8083
5   8085
5   8086
5   8087
5   8089
5   8091
5   8109
5   8119
5   8139
5   8158
5   8184
5   8188
5   8226
5   8231
5   8234
5   8293
5   8321
5   8329
5   8333
5   8335
5   8348
5   8382
5   8415
5   8418
5   8421
5   8428
5   8432
5   8456
5   8463
5   8486
5   8520
5   8576
5   8582
5   8583
5   8588
5   8615
5   8645
5   8702
5   8722
5   8727
5   8745
5   8768
http://inspired-muse-794.appspot.com//channel/list?category_seq=6
6   4
6   5
6   6
6   7
6   9
6   10
6   11
6   67
6   78
6   80
6   82
6   98
6   108
6   146
6   232
6   246
6   383
6   516
6   532
6   550
6   556
6   569
6   614
6   622
6   634
6   675
6   761
6   924
6   1732
6   1739
6   1875
6   1887
6   2303
6   2393
6   2859
6   2922
6   2984
6   3004
6   3035
6   3090
6   3183
6   3254
6   3354
6   3385
6   3394
6   3397
6   3431
6   3452
6   3469
6   3472
6   3493
6   3510
6   3542
6   3595
6   3621
6   3691
6   3757
6   3765
6   3777
6   3862
6   3916
6   3925
6   4296
6   4413
6   4415
6   4416
6   4426
6   4444
6   4447
6   4461
6   4463
6   4600
6   4645
6   4690
6   4743
6   4844
6   4873
6   4907
6   5008
6   5292
6   5496
6   5852
6   5998
6   6212
6   6400
6   6563
6   6617
6   6647
6   6757
6   6798
6   6859
6   6870
6   6894
6   6991
6   7031
6   7034
6   7061
6   7133
6   7172
6   7351
6   7361
6   7417
6   7431
6   7443
6   7633
6   7641
6   7734
6   7741
6   7755
6   7776
6   7794
6   7831
6   7861
6   7947
6   7954
6   8025
6   8077
6   8090
6   8093
6   8111
6   8117
6   8118
6   8122
6   8123
6   8124
6   8125
6   8126
6   8127
6   8158
6   8188
6   8241
6   8247
6   8339
6   8385
6   8416
6   8423
6   8428
6   8437
6   8440
6   8442
6   8456
6   8482
6   8488
6   8502
6   8526
6   8555
6   8569
6   8573
6   8576
6   8577
6   8599
6   8641
6   8689
6   8691
6   8700
6   8750
6   8753
6   8772
6   8779
http://inspired-muse-794.appspot.com//channel/list?category_seq=7
7   12
7   13
7   14
7   16
7   17
7   18
7   19
7   21
7   22
7   23
7   61
7   70
7   72
7   84
7   91
7   92
7   241
7   324
7   331
7   487
7   616
7   627
7   642
7   657
7   658
7   678
7   683
7   688
7   704
7   717
7   719
7   763
7   1869
7   1910
7   1995
7   2015
7   2016
7   2047
7   2061
7   2109
7   2111
7   2379
7   2472
7   2607
7   2694
7   3380
7   3557
7   3637
7   3676
7   3726
7   3924
7   3952
7   3967
7   4306
7   4361
7   4401
7   4406
7   4409
7   4478
7   4492
7   4517
7   4556
7   4568
7   4610
7   4623
7   4656
7   4670
7   4671
7   4674
7   4712
7   4776
7   4785
7   4800
7   4816
7   4821
7   4876
7   4892
7   4905
7   4917
7   4935
7   4962
7   4987
7   5006
7   5017
7   5174
7   5234
7   5270
7   5277
7   5462
7   5752
7   5922
7   6004
7   6007
7   6163
7   6178
7   6240
7   6299
7   6313
7   6402
7   6502
7   6650
7   6687
7   6712
7   6739
7   6757
7   6904
7   7060
7   7183
7   7227
7   7237
7   7265
7   7312
7   7316
7   7398
7   7420
7   7445
7   7611
7   7715
7   7718
7   7784
7   7796
7   7841
7   7957
7   7989
7   8109
7   8128
7   8129
7   8130
7   8131
7   8132
7   8133
7   8134
7   8135
7   8136
7   8137
7   8161
7   8163
7   8200
7   8204
7   8320
7   8354
7   8355
7   8362
7   8370
7   8396
7   8412
7   8440
7   8468
7   8488
7   8492
7   8525
7   8541
7   8554
7   8557
7   8564
7   8660
7   8676
7   8691
7   8696
7   8737
7   8767
http://inspired-muse-794.appspot.com//channel/list?category_seq=8
8   24
8   25
8   26
8   27
8   28
8   29
8   30
8   31
8   33
8   34
8   71
8   383
8   463
8   775
8   795
8   808
8   918
8   965
8   1002
8   1019
8   1040
8   1049
8   1050
8   1072
8   1417
8   1774
8   1792
8   1820
8   1990
8   2016
8   2020
8   2021
8   2062
8   2073
8   2195
8   2300
8   2302
8   2355
8   2584
8   2851
8   2854
8   2865
8   2963
8   2969
8   3073
8   3133
8   3262
8   3322
8   3382
8   3438
8   3494
8   3505
8   3555
8   3621
8   3777
8   3865
8   3980
8   4296
8   4367
8   4565
8   4591
8   4618
8   4677
8   4679
8   4743
8   4760
8   4809
8   4838
8   4906
8   4976
8   5018
8   5023
8   5035
8   5046
8   5051
8   5065
8   5085
8   5112
8   5113
8   5123
8   5126
8   5169
8   5188
8   5304
8   5307
8   5584
8   5760
8   5806
8   5857
8   5868
8   6009
8   6072
8   6154
8   6157
8   6175
8   6211
8   6362
8   6380
8   6397
8   6566
8   6607
8   6700
8   6709
8   6807
8   6885
8   6950
8   7099
8   7279
8   7285
8   7355
8   7360
8   7439
8   7457
8   7475
8   7493
8   7509
8   7535
8   7603
8   7630
8   7644
8   7734
8   7751
8   7754
8   7804
8   7836
8   7906
8   7939
8   8000
8   8028
8   8080
8   8116
8   8150
8   8164
8   8165
8   8166
8   8167
8   8168
8   8169
8   8170
8   8171
8   8214
8   8249
8   8302
8   8347
8   8358
8   8369
8   8470
8   8486
8   8540
8   8550
8   8555
8   8556
8   8557
8   8561
8   8568
8   8599
8   8655
8   8688
8   8729
8   8772
8   8779
http://inspired-muse-794.appspot.com//channel/list?category_seq=9
9   35
9   36
9   37
9   39
9   40
9   41
9   43
9   44
9   46
9   47
9   96
9   134
9   222
9   261
9   342
9   364
9   385
9   391
9   428
9   511
9   659
9   1415
9   1619
9   1713
9   1760
9   1766
9   1767
9   1768
9   1769
9   1772
9   1809
9   1832
9   1886
9   2020
9   2044
9   2046
9   2071
9   2110
9   2281
9   2327
9   2443
9   2580
9   2817
9   3010
9   3107
9   3120
9   3144
9   3161
9   3413
9   3499
9   3517
9   3544
9   3558
9   3571
9   3590
9   3619
9   3628
9   3633
9   3663
9   3678
9   3694
9   3704
9   3742
9   3749
9   3841
9   3860
9   3867
9   4376
9   4645
9   4656
9   4657
9   4692
9   4722
9   4833
9   4992
9   5187
9   5246
9   5295
9   5305
9   5336
9   5341
9   5345
9   5346
9   5361
9   5385
9   5392
9   5393
9   5441
9   5626
9   5692
9   5760
9   5783
9   5785
9   5799
9   5812
9   5823
9   5851
9   5871
9   5877
9   6175
9   6212
9   6614
9   6630
9   6711
9   6859
9   6908
9   7033
9   7063
9   7081
9   7431
9   7441
9   7444
9   7447
9   7455
9   7532
9   7546
9   7559
9   7560
9   7561
9   7592
9   7602
9   7614
9   7639
9   7695
9   7712
9   7713
9   7718
9   7771
9   7790
9   7852
9   7910
9   7978
9   7979
9   8013
9   8014
9   8063
9   8142
9   8172
9   8173
9   8174
9   8175
9   8176
9   8177
9   8178
9   8179
9   8180
9   8181
9   8204
9   8248
9   8307
9   8364
9   8367
9   8396
9   8495
9   8564
9   8597
9   8604
9   8643
9   8698
9   8743
http://inspired-muse-794.appspot.com//channel/list?category_seq=10
10   49
10   50
10   51
10   52
10   53
10   54
10   55
10   56
10   57
10   58
10   86
10   102
10   105
10   128
10   141
10   229
10   242
10   258
10   294
10   324
10   411
10   421
10   425
10   548
10   604
10   1252
10   1704
10   1747
10   1840
10   1939
10   1941
10   1956
10   1968
10   2595
10   2723
10   2773
10   2805
10   2859
10   2865
10   2940
10   3043
10   3073
10   3086
10   3109
10   3499
10   3698
10   3767
10   3770
10   3791
10   3795
10   3797
10   3811
10   3872
10   3905
10   3978
10   3980
10   4345
10   4348
10   4400
10   4443
10   4514
10   4575
10   4700
10   4719
10   4843
10   5004
10   5024
10   5060
10   5093
10   5229
10   5359
10   5506
10   5514
10   5553
10   5658
10   5682
10   5736
10   5738
10   5748
10   5812
10   5853
10   5883
10   5904
10   5979
10   5995
10   6025
10   6067
10   6117
10   6160
10   6162
10   6336
10   6416
10   6425
10   6435
10   6453
10   6459
10   6546
10   6562
10   6610
10   6735
10   6756
10   6843
10   7106
10   7223
10   7227
10   7233
10   7388
10   7460
10   7530
10   7560
10   7630
10   7652
10   7795
10   7859
10   7899
10   7912
10   7931
10   7979
10   7998
10   8012
10   8028
10   8053
10   8055
10   8113
10   8121
10   8149
10   8207
10   8208
10   8209
10   8210
10   8240
10   8287
10   8294
10   8296
10   8313
10   8323
10   8335
10   8355
10   8375
10   8407
10   8441
10   8474
10   8497
10   8550
10   8551
10   8619
10   8680
10   8685
10   8705
10   8717
10   8733
10   8756
10   8782
http://inspired-muse-794.appspot.com//channel/list?category_seq=11
11   59
11   60
11   168
11   170
11   171
11   172
11   173
11   179
11   181
11   183
11   192
11   228
11   246
11   486
11   509
11   724
11   996
11   1814
11   1821
11   1834
11   1835
11   1845
11   1893
11   1898
11   1902
11   2000
11   2084
11   2089
11   2108
11   2140
11   2149
11   2230
11   2240
11   2247
11   2248
11   3109
11   3126
11   3131
11   3149
11   3184
11   3222
11   3257
11   3328
11   3338
11   3352
11   3734
11   3856
11   4546
11   4671
11   4694
11   4761
11   4796
11   4915
11   4930
11   4979
11   4997
11   5044
11   5079
11   5120
11   5123
11   5144
11   5177
11   5191
11   5194
11   5323
11   5324
11   5359
11   5362
11   5391
11   5410
11   5426
11   5453
11   5466
11   5523
11   5574
11   5911
11   5942
11   6032
11   6042
11   6044
11   6068
11   6080
11   6084
11   6089
11   6109
11   6112
11   6172
11   6305
11   6471
11   6683
11   6697
11   6716
11   6743
11   6774
11   6925
11   6929
11   6932
11   6955
11   7113
11   7208
11   7212
11   7283
11   7492
11   7509
11   7540
11   7541
11   7545
11   7558
11   7559
11   7574
11   7576
11   7636
11   7644
11   7660
11   7668
11   7680
11   7841
11   7861
11   7906
11   8012
11   8161
11   8242
11   8293
11   8306
11   8369
11   8403
11   8406
11   8444
11   8450
11   8460
11   8479
11   8481
11   8495
11   8526
11   8629
11   8638
11   8646
11   8688
11   8713
11   8720
11   8725
http://inspired-muse-794.appspot.com//channel/list?category_seq=12
12   101
12   184
12   185
12   186
12   187
12   188
12   189
12   190
12   191
12   192
12   193
12   269
12   494
12   568
12   695
12   699
12   812
12   857
12   1132
12   1174
12   1263
12   1291
12   1299
12   1310
12   1334
12   1830
12   1933
12   1963
12   1975
12   2035
12   2077
12   2137
12   2241
12   2247
12   2248
12   2251
12   2252
12   2287
12   2288
12   2291
12   2293
12   2323
12   2563
12   3005
12   3267
12   3442
12   3444
12   3456
12   3457
12   3473
12   3479
12   3480
12   3515
12   3516
12   3681
12   3734
12   4321
12   4416
12   4590
12   4876
12   5002
12   5033
12   5245
12   5250
12   5289
12   5323
12   5356
12   5360
12   5366
12   5379
12   5413
12   5421
12   5541
12   5561
12   5588
12   5610
12   5662
12   5705
12   5794
12   5959
12   6105
12   6173
12   6218
12   6230
12   6255
12   6322
12   6383
12   6390
12   6417
12   6428
12   6441
12   6481
12   6487
12   6488
12   6559
12   6568
12   6592
12   6620
12   6646
12   6655
12   6695
12   6721
12   6797
12   6810
12   6914
12   7028
12   7225
12   7326
12   7362
12   7434
12   7549
12   7558
12   7611
12   7695
12   7709
12   7716
12   7725
12   7741
12   7751
12   7752
12   7769
12   7836
12   7854
12   7863
12   7959
12   7975
12   8005
12   8008
12   8187
12   8242
12   8405
12   8623
12   8682
12   8683
12   8732
12   8746
12   8782
12   8783
http://inspired-muse-794.appspot.com//channel/list?category_seq=13
13   93
13   103
13   104
13   109
13   119
13   194
13   195
13   196
13   197
13   198
13   199
13   200
13   201
13   202
13   203
13   278
13   280
13   689
13   1374
13   1414
13   1422
13   1439
13   1474
13   1477
13   1490
13   1494
13   1497
13   1501
13   2057
13   2235
13   2287
13   2288
13   2291
13   2293
13   2296
13   2412
13   2582
13   2625
13   2642
13   2820
13   2827
13   3273
13   3406
13   3414
13   3444
13   3465
13   3485
13   3487
13   3516
13   3561
13   3571
13   3572
13   3575
13   3589
13   3627
13   3633
13   3651
13   3653
13   3656
13   3697
13   3729
13   3749
13   3956
13   4609
13   4691
13   4696
13   4904
13   4998
13   5003
13   5134
13   5494
13   5520
13   5522
13   5527
13   5548
13   5553
13   5563
13   5578
13   5615
13   5624
13   5656
13   6467
13   6499
13   6506
13   6616
13   6627
13   6630
13   6636
13   6663
13   6684
13   6686
13   6693
13   6727
13   6759
13   6765
13   6766
13   6787
13   6793
13   6802
13   6804
13   6819
13   6832
13   6835
13   6836
13   6850
13   6856
13   6877
13   6935
13   6943
13   7007
13   7186
13   7235
13   7282
13   7444
13   7557
13   7639
13   7645
13   7674
13   7682
13   7689
13   7701
13   7752
13   7804
13   7986
13   8009
13   8033
13   8038
13   8044
13   8052
13   8096
13   8105
13   8119
13   8156
13   8185
13   8338
13   8415
13   8498
13   8553
13   8581
13   8627
13   8765
http://inspired-muse-794.appspot.com//channel/list?category_seq=14
14   109
14   110
14   111
14   112
14   113
14   115
14   117
14   118
14   120
14   121
14   122
14   188
14   189
14   204
14   205
14   206
14   207
14   208
14   209
14   210
14   211
14   212
14   213
14   417
14   502
14   534
14   743
14   753
14   1380
14   1502
14   1508
14   1514
14   1523
14   1527
14   1529
14   1531
14   1533
14   1534
14   1535
14   1802
14   2383
14   2407
14   2962
14   2968
14   3020
14   3135
14   3171
14   3186
14   3267
14   3309
14   3370
14   3398
14   3524
14   3656
14   3669
14   3692
14   3730
14   3736
14   3742
14   3752
14   3757
14   3761
14   3765
14   3801
14   3804
14   3867
14   4295
14   4396
14   4415
14   4482
14   4483
14   4946
14   4955
14   5064
14   5082
14   5090
14   5136
14   5149
14   5195
14   5630
14   5657
14   5689
14   5706
14   5737
14   5755
14   5815
14   5828
14   5839
14   5901
14   5902
14   6352
14   6881
14   6926
14   6927
14   6937
14   6966
14   6998
14   7003
14   7018
14   7019
14   7041
14   7043
14   7056
14   7129
14   7189
14   7226
14   7292
14   7355
14   7401
14   7415
14   7436
14   7482
14   7536
14   7555
14   7595
14   7605
14   7651
14   7746
14   7815
14   7867
14   8190
14   8232
14   8315
14   8333
14   8364
14   8379
14   8380
14   8409
14   8418
14   8441
14   8483
14   8494
14   8517
14   8540
14   8545
14   8552
14   8620
14   8669
14   8710
14   8761
14   8768
14   8775
http://inspired-muse-794.appspot.com//channel/list?category_seq=15
15   193
15   214
15   215
15   216
15   217
15   218
15   219
15   220
15   221
15   242
15   243
15   250
15   458
15   766
15   822
15   829
15   838
15   862
15   865
15   868
15   872
15   1438
15   1536
15   1538
15   1540
15   1542
15   1545
15   1547
15   1549
15   1552
15   1553
15   1555
15   1747
15   1982
15   2153
15   2176
15   2308
15   3450
15   3471
15   3483
15   3485
15   3487
15   3562
15   3581
15   3599
15   3619
15   3640
15   3693
15   3712
15   3801
15   3827
15   3841
15   3842
15   3858
15   3901
15   3905
15   3908
15   3936
15   3983
15   4447
15   4900
15   4956
15   5279
15   5374
15   5395
15   5481
15   5572
15   5611
15   5757
15   5837
15   5916
15   5992
15   6015
15   6017
15   6023
15   6031
15   6061
15   6088
15   6102
15   6114
15   6136
15   6145
15   6201
15   6285
15   6297
15   6492
15   6688
15   6756
15   6795
15   6843
15   6908
15   6980
15   6986
15   7069
15   7298
15   7498
15   7543
15   7578
15   7590
15   7598
15   7613
15   7627
15   7638
15   7654
15   7665
15   7669
15   7686
15   7692
15   7698
15   7711
15   7727
15   7767
15   7839
15   7918
15   7989
15   8065
15   8076
15   8100
15   8186
15   8191
15   8446
15   8451
15   8463
15   8496
15   8581
15   8600
15   8611
15   8743
15   8766
15   8784
